# Fix print output for fix def1
0.000999999999998775 0.0623001514996079 -0.00231508040867146 0.0176458096069948
0.00199999999999877 0.108174728805495 -0.0191399811382972 -0.0314950111992007
0.00299999999999877 0.19058075098829 0.0184412171838843 0.0571545444619008
0.00399999999999877 0.220162702580397 -0.0175245586585036 -0.0100612035677387
0.00499999999999877 0.344278402157493 0.0308109247962875 0.0490591798918692
0.00599999999999877 0.357010367287598 -0.0165862956427927 -0.0106496371882319
0.00699999999999877 0.452837616905278 0.0224412549968331 -0.00976318401904135
0.00799999999999876 0.493444912196366 -0.021896114331314 0.00508025508643031
0.00899999999999876 0.561749025927944 0.0037745439048606 -0.0103329375278011
0.00999999999999876 0.631750028666555 0.0248880458244674 -0.0257986654389799
0.0109999999999988 0.70554503378413 -0.0290337464544939 -0.00432050316995728
0.0119999999999988 0.788679758739373 -0.00413711665033037 -0.00236955663777222
0.0129999999999988 0.838502716120196 -0.0188661267129264 -0.0180600448806538
0.0139999999999988 0.889357397404524 -0.012473099179604 -0.016584994588478
0.0149999999999988 0.967750099825545 0.00580824630116452 0.00248212527402444
0.0159999999999988 1.03057650704193 -0.0140804983797036 -0.0269887266400096
0.0169999999999987 1.11191002822203 0.0341608610018519 0.0278473918715195
0.0179999999999987 1.140683379344 -0.000173231132364493 0.0259253406986621
0.0189999999999987 1.21111104141622 0.0343321666452335 -0.0135931168679552
0.0199999999999987 1.27332740948599 0.0245465375760705 -0.0314829268594919
0.0209999999999987 1.33305707013118 0.0150701681252524 0.00419387864180339
0.0219999999999987 1.3892055261 0.0218978694675898 0.0202462558447778
0.0229999999999987 1.43938978198224 -0.0224029753948276 -0.0074413415901808
0.0239999999999987 1.54333073801456 0.00877995261001542 0.0133251248803867
0.0249999999999987 1.59309801426026 0.0150099820413325 -0.0128293850432086
0.0259999999999987 1.65333181855888 0.0388417895169731 -0.0112059178607142
0.0269999999999987 1.71165276766857 -0.0142301472557927 0.00278378422270201
0.0279999999999987 1.78394938618399 -0.00452523814772575 0.0130653731040727
0.0289999999999987 1.84817553468948 0.00738976679858521 0.0194095153775775
0.0299999999999987 1.89755416275278 -0.000160708100220637 -0.0190060922209135
0.0309999999999987 1.9659044065202 -0.00515820985343439 0.0141579000363834
0.0319999999999987 2.01806175244792 -0.0275059374606089 -0.00753668745887669
0.0329999999999987 2.07670382740809 0.00549562111585674 0.0095591572563319
0.0339999999999987 2.15153595706193 0.00749318646520927 -0.0258263932613477
0.0349999999999987 2.25248879460713 0.015823510750612 0.0252809288279514
0.0359999999999987 2.27146369533446 -0.0371439890344765 0.00167238171459656
0.0369999999999987 2.34275725839388 0.0246956636457504 0.0105441858577576
0.0379999999999987 2.41205012706022 0.0163297354996311 -0.025827352678078
0.0389999999999987 2.45983174167545 -0.00928564570615623 -0.00198353895317791
0.0399999999999987 2.52447304610767 0.00225678036475588 0.0152919422897313
0.0409999999999987 2.58170289188124 -0.0094669347090882 -0.00805749269962175
0.0419999999999987 2.64547560294999 0.0278529063933537 -0.0243959062542698
0.0429999999999987 2.72517591902124 -0.0128215873135829 -0.0257790582480943
0.0439999999999987 2.77229906418475 0.0169290341224027 0.0219356653639191
0.0449999999999987 2.82828684205264 -0.0247476929441922 0.0274190916298481
0.0459999999999987 2.87672296158057 -0.0181956487683308 -0.00663557953721999
0.0469999999999987 2.94392073491456 0.00489182705164439 -0.00859304758327299
0.0479999999999987 2.99628645012147 0.0297530650844157 -0.000997475451192852
0.0489999999999987 3.0274933974528 -0.0121250631055319 -0.00972364584573662
0.0499999999999987 3.14407823523898 0.0168704412770439 0.0142758259375699
0.0509999999999987 3.13196095924212 -0.0231901702057606 -0.0306960246820949
0.0519999999999987 3.23089883107224 0.0109914571913446 0.0337032926147295
0.0529999999999987 3.30052727899194 -0.00199812431101039 0.0200949351383434
0.0539999999999987 3.35497443235337 0.0186652704725287 -0.0236054566108352
0.0549999999999987 3.41374459954557 -0.00986706222280536 0.0268461099893469
0.0559999999999987 3.44966493081931 -0.040374377454129 0.0179536135266636
0.0569999999999987 3.53048525834473 0.0183203286577001 -0.00394044210515652
0.0579999999999987 3.57791871341847 0.00693118298849186 -0.00856044932151396
0.0589999999999987 3.64188115271404 -0.0188585602465774 -0.00432056488146092
0.0599999999999987 3.70875520500343 -0.0125533320534041 0.0525640164995927
0.0609999999999987 3.7271133648793 -0.031922552273788 -0.0255959612413899
0.0619999999999987 3.83907999110039 0.0172364163074034 0.0230652927418583
0.0629999999999987 3.83983117530585 -0.0378049239506931 -0.0279117916077679
0.0639999999999987 3.95354387579417 -0.0280204807383897 0.0159135202348008
0.0649999999999987 4.00904872454814 0.0340757309959002 0.0218854505255125
0.0659999999999987 4.01181947506478 0.030279867636911 -0.0638536281024813
0.0669999999999987 4.10715722531258 0.0660114184316671 0.0168700761428936
0.0679999999999987 4.15224249250895 -0.0510437836436359 -0.0311181934125553
0.0689999999999987 4.2531049856442 0.0364592879035072 0.0653877435647404
0.0699999999999987 4.26074504358175 -0.0350632201038717 -0.0302930231221078
0.0709999999999987 4.35398851879448 0.00598707318099347 0.0477426553289095
0.0719999999999987 4.41425508006596 0.036202728913743 -0.00612716939508555
0.0729999999999987 4.42573633846114 -0.0379906780279265 -0.042443932245247
0.0739999999999987 4.5320771161444 0.03249423902117 0.0726907328146222
0.0749999999999987 4.54079702524954 -0.0396141684936667 -0.0467199561097357
0.0759999999999987 4.63526333925242 0.0544263477318129 0.0258446059235566
0.0769999999999987 4.68933895882422 -0.0143544818223213 -0.0316662587457088
0.0779999999999987 4.71313186462142 -0.0210472770651207 0.0232304266425678
0.0789999999999987 4.8075609125981 -0.0127961793187423 -0.0094828372777713
0.0799999999999987 4.86498895358278 0.0126146570589145 0.0153242229036031
0.0809999999999986 4.91926456106788 0.03462841744802 -0.00145597387963565
0.0819999999999986 4.94718724820863 -0.0341379390562786 -0.0223637415340789
0.0829999999999986 5.05181898105586 0.00420527368585385 0.0558985985224683
0.0839999999999986 5.02359409440445 -0.0469710475285437 -0.0463656179972901
0.0849999999999986 5.14193143505479 0.0481102589922517 0.0222440830441538
0.0859999999999986 5.2096414419747 -0.0116341327163265 -0.0123975879940603
0.0869999999999986 5.25293414221977 -0.0188081900299856 0.0106596987451723
0.0879999999999986 5.31455941308588 0.00454607482944683 0.0194923102267077
0.0889999999999986 5.32692826676405 0.0176974415796016 -0.0317711545837508
0.0899999999999986 5.36545234288462 -0.0195681484808133 0.0269067115049087
0.0909999999999986 5.44562644897702 -0.0205354481264256 -0.022749669546821
0.0919999999999986 5.49928432860303 0.0560164307076338 -0.0211368321356168
0.0929999999999986 5.56371884820134 -0.00317801031195194 -0.00846972842411024
0.0939999999999986 5.6201894079743 0.0160595716696435 -0.0329078175653375
0.0949999999999986 5.67952262427205 -0.0290248608004709 0.0161545240505171
0.0959999999999986 5.7278919023423 0.0232284132593314 0.025157705103162
0.0969999999999986 5.76363588205065 -0.0666801523122206 -0.0341197097102062
0.0979999999999986 5.82854414287088 0.0513216139608653 -0.00081125559218696
0.0989999999999986 5.86882077458811 -0.0203013719211819 -0.0540247933199354
0.0999999999999986 5.92345492348779 0.0187033180699443 -0.00905132081285012
0.100999999999999 5.99566149116745 -0.0332616896234656 0.0264409093085178
0.101999999999999 6.06116273288995 0.0301256216346044 0.00558495459315378
0.102999999999999 6.0853436372025 -0.00471655036935589 -0.0127300048515886
0.103999999999999 6.14010061706146 -0.0029181245345363 -0.016811091115015
0.104999999999999 6.20879047531064 0.00720546307635051 0.0133756299720928
0.105999999999999 6.24852457919994 -0.00140673118299954 -0.00826542368145945
0.106999999999999 6.32597714167279 0.052651601439868 0.0164138317388796
0.107999999999999 6.36894841134192 -0.0132161720939583 -0.0239635819902742
0.108999999999999 6.44026007321578 -0.00144160394841327 -0.00285379616703103
0.109999999999999 6.45657419158168 0.0179896008619614 -0.0246720107174479
0.110999999999999 6.52182040026088 0.00639525466855429 0.0128530607044094
0.111999999999999 6.59254419860933 -0.0223029031745483 0.0145514123822701
0.112999999999999 6.60044584420778 0.00554190123414152 -0.004032161525744
0.113999999999999 6.67069616489652 -0.000355688279335849 -0.0336886365027864
0.114999999999999 6.72306178126715 0.0204900272677764 -0.0187482556432016
0.115999999999999 6.80079787393963 0.0338457944982638 0.0301933789477848
0.116999999999999 6.77522675738236 -0.0532998687159251 -0.070074433471826
0.117999999999999 6.9231930527031 0.0456848152851712 0.0808462664401594
0.118999999999999 6.86760934282948 -0.0560399645601465 -0.0518578083205126
0.119999999999999 7.00088977982331 0.043010001384316 0.0164158529090267
0.120999999999999 7.02018169813586 -0.0138131168896396 -0.00747950195548048
0.121999999999999 7.04354151242642 0.0212111104979223 -0.0210829220380325
0.122999999999999 7.11817292948791 0.0208072559738395 -0.025524160345703
0.123999999999999 7.10395178426565 -0.029551311569874 0.0254100481920461
0.124999999999999 7.14813395520082 -0.0446618232057034 0.0553621355847245
0.125999999999999 7.228912764031 -0.0500292808160162 -0.010053408735208
0.126999999999999 7.30204100636686 0.00581750808579572 0.0369344796907823
0.127999999999999 7.34539180649157 0.035908795891908 -0.0461003920531814
0.128999999999999 7.38347510659459 0.0873466384669138 -0.0150625780286074
0.129999999999999 7.40052408980536 -0.0420318490516429 0.0227282337521675
0.130999999999999 7.44192310692681 0.0122315398508742 0.00215083880866875
0.131999999999999 7.48866788244245 -0.0151679568576736 0.0202210788340401
0.132999999999999 7.53433021126843 -0.0233546759500204 -0.0241792782526782
0.133999999999999 7.5742235667146 0.0281793045427793 -0.0162176185192244
0.134999999999999 7.60513950490494 -0.0183507643806952 0.000608501310378955
0.135999999999999 7.68797265063744 0.0279003970251677 -0.0364823643054688
0.136999999999999 7.6602327763187 -0.00191242619740998 1.62913974729746e-06
0.137999999999999 7.70113572536027 0.016147050097866 0.0253092651871199
0.138999999999999 7.75696720312595 -0.0273878725608309 -0.0772276954411046
0.139999999999999 7.82763786737458 0.0290886073853418 0.0742011102646627
0.140999999999999 7.83583456224265 -0.0537498031609379 -0.0468132373437711
0.141999999999999 7.92942855214451 0.0529450565024981 0.0373811699587935
0.142999999999999 7.92093818946646 -0.0161492577578051 -0.0154885770562384
0.143999999999999 7.9471668390067 0.00623292143553547 -0.0291359902325034
0.144999999999999 7.92911128004194 -0.00858045812715145 -0.0839071681051708
0.145999999999999 7.98660249383347 0.0370263541650522 0.0137360884950528
0.146999999999999 7.99910641507515 -0.0637342064464449 0.000886257843261305
0.147999999999999 7.96231751876356 0.0292304028522229 -0.00752510934758653
0.148999999999999 8.04789872623507 -0.0144533690772847 0.0357175441204648
0.149999999999999 7.96234484277991 -0.0441282385149787 -0.0324990871360419
0.150999999999999 7.98565815741765 0.0592293176392807 0.0339147687088381
0.151999999999999 7.82166409822134 -0.0474741101880294 -0.0695512772648408
0.152999999999999 7.81921704940062 0.0241020271949269 0.0433481663493856
0.153999999999999 7.47725174197447 -0.0335371417019492 0.0107333482032312
0.154999999999999 6.95043635011332 -0.0103996496735107 0.025055036895971
0.155999999999999 6.33153758944822 0.0472274826760075 -0.0555324594252866
0.156999999999999 5.7648111670088 -0.0415036784176929 0.0287169488610668
0.157999999999999 5.10666235519291 -0.0127213348856075 0.12947527756844
0.158999999999999 4.29607357794379 -0.0268579280096099 -0.068130665277857
0.159999999999999 3.7702059287318 0.0120044140223853 0.079851050060058
0.160999999999999 3.22186453723651 -0.0745564019115855 0.0174575709036432
0.161999999999999 2.82402985221651 0.0440949481899685 0.0218850193971633
0.162999999999999 2.59433509181914 0.0377480518682864 -0.060720910731604
0.163999999999999 2.53680153769322 0.0643954080162555 -0.133477833574608
0.164999999999999 2.52956226769768 0.0109847456153632 0.00212136271828273
0.165999999999999 2.32494428894617 -0.00259423669376966 0.049194710126235
0.166999999999999 2.159910968916 -0.0448431764183095 0.0821379312545098
0.167999999999999 1.89935526924572 0.0111113903378562 0.0467735717262979
0.168999999999999 1.67466465985577 0.0956728760546549 -0.0309690852442719
0.169999999999999 1.51091339910605 0.042592669708134 0.0336128351535848
0.170999999999999 1.30176478824719 0.0438432388848253 -0.00399126751900125
0.171999999999999 1.25939962998554 -0.0486715829426122 0.0648736911121979
0.172999999999999 1.25101963486443 -0.00151247282044619 0.0127073516370634
0.173999999999998 1.20451389808766 0.0731097812917607 0.0437631880918515
0.174999999999998 1.14078092937603 -0.0291912291320919 -0.101284007199356
0.175999999999998 1.26442446067671 0.0922944700756622 -0.0256075341617369
0.176999999999998 1.23985169128912 0.00528228057177436 0.0233657435243322
0.177999999999998 1.28595137568313 0.0211766292491022 0.067720633171314
0.178999999999998 1.24597670189031 -0.0212849901161747 -0.0652443400167485
0.179999999999998 1.30890035854516 0.0420173083042657 0.0447767305489863
0.180999999999998 1.35492404084313 -0.113820418024722 0.0950502016854311
0.181999999999998 1.36256385156558 -0.0223002287532406 0.0132365291018149
0.182999999999998 1.31469555175813 0.0702127538408119 -0.0400376077967114
0.183999999999998 1.33967788115913 0.0111660277785635 0.0153195867572305
0.184999999999998 1.31025218705082 -0.00953083233840591 -0.0147865110498631
0.185999999999998 1.34671471127895 -0.0348179131556718 0.045287681844021
0.186999999999998 1.36564399577628 -0.0916220791156225 0.0575075000553497
0.187999999999998 1.29575108820487 -0.0158881243178625 -0.000329549619529984
0.188999999999998 1.20994258373213 -0.0237207165872499 0.103017616774351
0.189999999999998 1.20106871066583 -0.00611847333468458 -0.0456199396674549
0.190999999999998 1.11016104676501 0.0517405571572302 0.00930063730195622
0.191999999999998 1.0340027958532 -0.0986832877052776 -0.000307878278038433
0.192999999999998 1.09234773770784 0.0442242777275679 0.0133066586020248
0.193999999999998 1.06049211028531 -0.0418251178696773 -0.00905921242885744
0.194999999999998 0.913858338337688 0.0261936920616237 0.035263205129012
0.195999999999998 0.763960321203043 -0.0414171361525724 -0.0168894579797042
0.196999999999998 0.864195569099969 0.113285408075805 -0.0291032306642755
0.197999999999998 0.765662613149843 -0.0895574412413528 -0.0524774813230241
0.198999999999998 0.851851702233161 0.0305082388831754 0.0885493625561466
0.199999999999998 0.847538591478975 0.0136499453063722 -0.043968446944142
